2 0.8344 0.8656 0.0671 0.0877
2 0.9172 0.8424 0.1344 0.0837
2 0.3222 0.7146 0.0987 0.1020
2 0.2475 0.6695 0.0927 0.1074
2 0.2797 0.6369 0.0670 0.0711
2 0.3624 0.7682 0.0724 0.0600
2 0.4992 0.5019 0.2031 0.1927
2 0.4949 0.8889 0.0617 0.0694
2 0.4998 0.8977 0.1976 0.1966
2 0.1562 0.5112 0.1191 0.1685
2 0.6781 0.2643 0.0319 0.0830
2 0.3343 0.0578 0.1297 0.0787
2 0.5022 0.7011 0.2045 0.1978
2 0.8989 0.3011 0.2023 0.1933
2 0.5018 0.3959 0.9928 0.7871
2 0.5001 0.0804 0.0907 0.0617
2 0.9253 0.8819 0.1461 0.1356
2 0.2768 0.7821 0.0829 0.0307
2 0.2521 0.7489 0.0836 0.0629
2 0.3810 0.6904 0.0364 0.0977
2 0.5003 0.3204 0.1744 0.1168
2 0.7042 0.5241 0.0396 0.0328
2 0.6097 0.5005 0.0170 0.0359
2 0.6998 0.5006 0.1980 0.1974
