1 0.3949 0.3969 0.0543 0.1038
1 0.5016 0.5251 0.0744 0.1131
2 0.4493 0.8217 0.0214 0.0932
2 0.4690 0.8035 0.0246 0.0937
2 0.3530 0.4967 0.0211 0.0656
2 0.3385 0.5012 0.0172 0.0596
2 0.3766 0.4966 0.0447 0.0845
2 0.5314 0.8086 0.1031 0.0866
2 0.5275 0.8550 0.0963 0.1042
2 0.1915 0.9171 0.0770 0.0825
2 0.4626 0.8305 0.0217 0.0646
1 0.5927 0.3829 0.0490 0.1013
1 0.2664 0.3846 0.0642 0.0595
1 0.3569 0.3898 0.0290 0.0660
1 0.7414 0.1915 0.0195 0.0490
2 0.4678 0.8728 0.1050 0.1251
1 0.9230 0.5719 0.0928 0.1229
1 0.9573 0.7396 0.0854 0.2342
