2 0.6775 0.7235 0.1794 0.1454
2 0.8879 0.7671 0.2241 0.2635
2 0.1799 0.8558 0.1693 0.0941
2 0.1547 0.5821 0.1062 0.0911
2 0.7058 0.5686 0.1215 0.0835
2 0.5660 0.5150 0.1629 0.1257
2 0.5280 0.3606 0.0770 0.0875
2 0.8670 0.2290 0.1941 0.1933
2 0.5068 0.4563 0.1643 0.1171
2 0.2095 0.4774 0.2425 0.1264
2 0.2306 0.6551 0.1719 0.1339
2 0.4029 0.7325 0.1596 0.1091
2 0.7118 0.4670 0.1450 0.0906
2 0.3119 0.1730 0.1912 0.0616
2 0.8533 0.5251 0.1306 0.0802
2 0.5617 0.6818 0.1904 0.1005
2 0.5913 0.1167 0.1334 0.0810
