1 0.4394 0.4564 0.0137 0.0601
1 0.4537 0.3700 0.0077 0.0272
1 0.4412 0.3727 0.0068 0.0297
1 0.4605 0.3411 0.0093 0.0226
1 0.4333 0.3538 0.0095 0.0585
1 0.4799 0.4125 0.0120 0.0354
1 0.4689 0.3420 0.0101 0.0375
1 0.4648 0.4767 0.0081 0.0436
1 0.3736 0.4175 0.0264 0.0380
1 0.4006 0.3919 0.0239 0.0326
1 0.4014 0.4243 0.0267 0.0299
1 0.5056 0.3536 0.0138 0.0423
1 0.0159 0.3879 0.0123 0.0312
1 0.4569 0.4347 0.0167 0.0723
1 0.0263 0.3842 0.0137 0.0288
1 0.3365 0.2248 0.0119 0.0173
3 0.6645 0.2012 0.0071 0.0212
